5.27429028
5.27429028
5.27429028
5.27429028
5.27429028
5.27429028
5.27429028
5.27429028
5.27429028
5.27429028
5.27429028
5.27429028
5.27429028
5.27429028
5.27429028
5.27429028
5.27429028
5.27429028
5.27429028
5.27429028
5.27429028
5.27429028
5.27429028
5.27429028
5.27429028
5.27429028
5.27429028
5.27429028
5.27429028
5.27429028
5.27429028
4.81151316
4.81151316
4.81151316
4.81151316
4.81151316
4.81151316
4.81151316
4.81151316
4.81151316
4.81151316
4.81151316
4.81151316
4.81151316
4.81151316
4.81151316
4.81151316
4.81151316
4.81151316
4.81151316
4.81151316
4.81151316
4.81151316
4.81151316
4.81151316
4.81151316
4.81151316
4.81151316
4.81151316
4.72096227
4.72096227
4.72096227
4.72096227
4.72096227
4.72096227
4.72096227
4.72096227
4.72096227
4.72096227
4.72096227
4.72096227
4.67010255
4.67010255
4.67010255
4.67010255
4.67010255
4.67010255
4.67010255
4.67010255
4.67010255
4.67010255
4.67010255
4.67010255
4.67010255
4.67010255
4.67010255
4.67010255
4.67010255
4.67010255
4.67010255
4.67010255
4.67010255
4.67010255
4.67010255
4.67010255
4.67010255
4.67010255
4.67010255
4.67010255
4.67010255
4.67010255
4.63481624
4.63481624
4.63481624
4.63481624
4.63481624
4.63481624
4.63481624
4.63481624
4.63481624
4.63481624
4.63481624
4.63481624
4.63481624
4.63481624
4.63481624
4.63481624
4.63481624
4.63481624
4.63481624
4.63481624
4.63481624
4.63481624
4.63481624
4.63481624
4.63481624
4.63481624
4.63481624
4.63481624
4.63481624
4.63481624
4.63481624
4.59835988
4.59835988
4.59835988
4.59835988
4.59835988
4.59835988
4.59835988
4.59835988
4.59835988
4.51350226
4.44342504
4.44342504
4.44342504
4.44342504
4.44342504
4.44342504
4.44342504
4.44342504
4.44342504
4.44342504
4.44342504
4.44342504
4.44342504
4.44342504
4.44342504
4.44342504
4.44342504
4.44342504
4.44342504
4.44342504
4.41132312
4.41132312
4.41132312
4.34695471
4.34695471
4.34695471
4.34695471
4.34695471
4.34695471
4.34695471
4.34695471
4.34695471
4.32658852
4.32658852
4.32658852
4.32658852
4.32658852
4.32658852
4.32658852
4.32658852
4.32658852
4.32658852
4.32658852
4.32658852
4.32658852
4.32658852
4.32658852
4.32658852
4.32658852
4.32658852
4.32658852
4.32658852
4.32658852
4.32658852
4.32658852
4.32658852
4.32658852
4.32658852
4.32658852
4.32658852
4.32658852
4.32658852
4.32658852
4.32658852
4.32658852
4.32658852
4.32658852
4.32658852
4.27791150
4.27791150
4.27791150
4.27791150
4.27791150
4.27791150
4.27791150
4.27791150
4.27791150
4.27791150
4.27791150
4.27791150
4.27791150
4.27791150
4.27791150
4.27791150
4.27791150
4.27791150
4.27791150
4.27791150
4.27791150
4.27791150
4.27791150
4.27791150
4.27791150
4.27791150
4.27791150
4.23090893
4.23090893
4.23090893
4.23090893
4.23090893
4.23090893
4.23090893
4.23090893
4.23090893
4.23090893
4.23090893
4.23090893
4.23090893
4.23090893
4.23090893
4.23090893
4.23090893
4.23090893
4.23090893
4.23090893
4.23090893
4.23090893
4.23090893
4.23090893
4.23090893
4.23090893
4.23090893
4.23090893
4.23090893
4.19054686
4.19054686
4.19054686
4.19054686
4.19054686
4.16137671
4.16137671
4.16137671
4.16137671
3.80240139
3.80240139
3.80240139
3.80240139
3.80240139
3.80240139
3.80240139
3.80240139
3.80240139
3.80240139
3.80240139
3.80240139
3.80240139
3.80240139
3.80240139
3.80240139
3.80240139
3.80240139
3.80240139
3.80240139
3.80240139
3.80240139
3.80240139
3.80240139
3.80240139
3.80240139
3.80240139
3.80240139
3.80240139
3.80240139
3.80240139
3.80240139
3.80240139
3.80240139
3.88012013
3.41226996
3.41226996
3.41226996
3.41226996
3.41226996
3.41226996
3.41226996
3.41226996
3.41226996
3.41226996
3.41226996
3.41226996
3.41226996
3.41226996
3.41226996
3.41226996
3.41226996
3.41226996
3.41226996
3.41226996
3.41226996
3.41226996
3.41226996
3.41226996
3.41226996
3.41226996
3.41226996
3.41226996
3.41226996
3.41226996
3.41226996
3.41226996
3.41226996
3.41226996
3.41226996
3.41226996
3.41226996
3.41226996
3.41226996
3.41226996
3.41226996
3.41226996
3.41226996
3.41226996
3.41226996
3.41226996
3.41226996
3.41226996
3.41226996
3.41226996
3.41226996
3.41226996
3.41226996
3.41226996
3.41226996
3.41226996
3.41226996
3.41226996
3.41226996
3.41226996
3.41226996
3.41226996
3.60725213
3.60725213
3.60725213
3.60725213
3.60725213
3.60725213
3.60725213
3.60725213
3.60725213
3.60725213
3.60725213
3.60725213
3.60725213
3.60725213
3.60725213
3.60725213
3.60725213
3.60725213
3.60725213
3.60725213
3.60725213
3.60725213
3.60725213
3.60725213
3.60725213
3.60725213
3.60725213
3.60725213
3.60725213
3.60725213
3.60725213
3.60725213
3.60725213
3.60725213
3.60725213
3.60725213
3.60725213
3.60725213
3.60725213
3.60725213
3.60725213
3.60725213
3.60725213
3.60725213
3.60725213
3.60725213
3.60725213
3.60725213
3.60725213
3.60725213
3.60725213
3.60725213
3.60725213
3.60725213
3.60725213
3.60725213
3.60725213
3.60725213
3.60725213
3.60725213
3.60725213
3.60725213
3.60725213
3.60725213
3.60725213
3.60725213
3.60725213
3.60725213
3.60725213
3.60725213
3.60725213
3.60725213
3.60725213
3.60725213
3.60725213
3.60725213
3.60725213
3.60725213
3.60725213
3.60725213
3.60725213
3.60725213
3.60725213
3.60725213
3.60725213
3.60725213
3.60725213
3.60725213
3.60725213
3.60725213
3.60725213
3.60725213
3.60725213
3.60725213
3.60725213
3.60725213
3.60725213
3.60725213
3.60725213
3.60725213
3.60725213
3.60725213
3.60725213
3.60725213
3.60725213
3.60725213
3.60725213
3.60725213
3.65809008
3.65809008
3.65809008
3.65809008
3.65809008
3.65809008
3.65809008
3.65809008
3.65809008
3.65809008
3.65809008
3.65809008
3.65809008
3.65809008
3.65809008
3.65809008
3.65809008
3.65809008
3.65809008
3.65809008
3.65809008
3.65809008
3.65809008
3.65809008
3.65809008
3.65809008
3.65809008
3.65809008
3.65809008
3.65809008
3.65809008
3.65809008
3.65809008
3.65809008
3.65809008
3.65809008
3.65809008
3.65809008
3.65809008
3.65809008
3.65809008
3.65809008
3.65809008
3.65809008
3.65809008
3.65809008
3.65809008
3.65809008
3.65809008
3.65809008
3.65809008
3.65809008
3.65809008
3.65809008
3.65809008
3.65809008
3.65809008
3.65809008
3.65809008
3.65809008
3.65809008
3.65809008
3.65809008
3.65809008
3.65809008
3.65809008
3.65809008
3.65809008
3.65809008
3.65809008
3.65809008
3.65809008
3.65809008
3.65809008
3.65052930
3.65052930
3.65052930
3.65052930
3.65052930
3.65052930
3.65052930
3.65052930
3.65052930
3.65052930
3.65052930
3.65052930
3.65052930
3.65052930
3.65052930
3.65052930
3.65052930
3.65052930
3.65052930
3.65052930
3.65052930
3.65052930
3.65052930
3.65052930
3.65052930
3.65052930
3.65052930
3.65052930
3.65052930
3.65052930
3.65052930
3.61790086
3.61790086
3.61790086
3.61790086
3.61790086
3.61790086
3.61790086
3.61790086
3.61790086
3.61790086
3.61790086
3.61790086
3.61790086
3.61790086
3.61790086
3.61790086
3.61790086
3.61790086
3.61790086
3.61790086
3.61790086
3.56644453
3.56644453
3.56644453
3.56644453
3.56644453
3.56644453
3.56644453
3.56644453
3.52860046
3.52860046
3.52860046
3.52860046
3.52860046
3.52860046
3.52860046
3.52860046
3.52860046
3.52860046
3.52860046
3.52860046
3.52860046
3.52860046
3.52860046
3.52860046
3.52860046
3.52860046
3.52860046
3.52860046
3.52860046
3.52860046
3.52860046
3.52860046
3.52860046
3.52860046
3.52860046
3.52860046
3.52860046
3.52860046
3.52860046
3.52860046
3.52860046
3.52860046
3.52860046
3.52860046
3.52860046
3.52860046
3.52860046
3.52860046
3.52860046
3.52860046
3.52860046
3.52860046
3.52860046
3.52860046
3.52860046
3.52860046
3.52860046
3.52860046
3.52860046
3.52860046
3.52860046
3.52860046
3.52860046
3.52860046
3.52860046
3.52860046
3.52860046
3.52860046
3.52860046
3.52860046
3.52860046
3.52860046
3.52860046
3.52860046
3.52860046
3.52860046
3.52860046
3.52860046
3.52860046
3.52860046
3.52860046
3.52860046
3.52860046
3.52860046
3.52860046
3.52860046
3.52860046
3.52860046
3.52860046
3.52860046
3.52860046
3.52860046
3.52860046
3.52860046
3.46903403
3.46903403
3.46903403
3.46903403
3.46903403
3.46903403
3.46903403
3.46903403
3.46903403
3.46903403
3.46903403
3.46903403
3.46903403
3.46903403
3.46903403
3.46903403
3.46903403
3.46903403
3.46903403
3.46903403
3.46903403
3.46903403
3.46903403
3.46903403
3.46903403
3.46903403
3.46903403
3.46903403
3.46903403
3.46903403
3.46903403
3.46903403
3.46903403
3.46903403
3.46903403
3.46903403
3.46903403
3.46903403
3.46903403
3.46903403
3.46903403
3.46903403
3.46903403
3.46903403
3.46903403
3.46903403
3.46903403
3.46903403
3.46903403
3.46903403
3.46903403
3.46903403
3.46903403
3.46903403
3.46903403
3.46903403
3.46903403
3.46903403
3.46903403
3.46903403
3.46903403
3.46903403
3.46903403
3.46903403
3.46903403
3.46903403
3.46903403
3.46903403
3.46903403
3.46903403
3.46903403
3.46903403
3.46903403
3.46903403
3.46903403
3.46903403
3.46903403
3.46903403
3.46903403
3.46903403
3.46903403
3.46903403
3.46903403
3.46903403
3.46903403
3.46903403
3.46903403
3.46903403
3.46903403
3.46903403
3.46903403
3.46903403
3.46903403
3.46903403
3.46903403
3.46903403
3.46903403
3.46903403
3.46903403
3.46903403
3.46903403
3.46903403
3.46903403
3.46903403
3.46903403
3.43837248
3.43837248
3.43837248
3.43837248
3.43837248
3.43837248
3.43837248
3.43837248
3.43837248
3.43837248
3.43837248
3.43837248
3.43837248
3.43837248
3.43837248
3.43837248
3.43837248
3.43837248
3.43837248
3.43837248
3.43837248
3.43837248
3.43837248
3.43837248
3.43837248
3.43837248
3.43837248
3.43837248
3.43837248
3.43837248
3.43837248
3.43837248
3.43837248
3.43837248
3.43837248
3.43837248
3.43837248
3.43837248
3.43837248
3.43837248
3.43837248
3.43837248
3.43837248
3.43837248
3.43837248
3.43837248
3.43837248
3.43837248
3.43837248
3.43837248
3.43837248
3.43837248
3.43837248
3.43837248
3.43837248
3.43837248
3.43837248
3.43837248
3.43837248
3.43837248
3.43837248
3.43837248
3.43837248
3.43837248
3.43837248
3.43837248
3.43837248
3.43837248
3.43837248
3.43837248
3.43837248
3.43837248
3.43837248
3.43837248
3.43837248
3.38065523
3.38065523
3.38065523
3.38065523
3.38065523
3.38065523
3.38065523
3.38065523
3.38065523
3.38065523
3.38065523
3.38065523
3.38065523
3.38065523
3.38065523
3.38065523
3.38065523
3.38065523
3.38065523
3.38065523
3.38065523
3.38065523
3.38065523
3.38065523
3.38065523
3.38065523
3.38065523
3.38065523
3.38065523
3.38065523
3.38065523
3.38065523
3.38065523
3.38065523
3.38065523
3.38065523
3.38065523
3.38065523
3.38065523
3.38065523
3.38065523
3.38065523
3.38065523
3.38065523
3.34942823
3.34942823
3.34942823
3.34942823
3.34942823
3.34942823
3.34942823
3.34942823
3.34942823
3.34942823
3.34942823
3.34942823
3.34942823
3.34942823
3.34942823
3.34942823
3.34942823
3.34942823
3.34942823
3.34942823
3.34942823
3.34942823
3.34942823
3.34942823
3.34942823
3.34942823
3.34942823
3.34942823
3.34942823
3.34942823
3.34942823
3.34942823
3.34942823
3.34942823
3.34942823
3.34942823
3.34942823
3.34942823
3.34942823
3.34942823
3.34942823
3.34942823
3.34942823
3.34942823
3.34942823
3.34942823
3.34942823
3.34942823
3.34942823
3.34942823
3.34942823
3.34942823
3.34942823
3.34942823
3.34942823
3.34942823
3.34942823
3.34942823
3.34942823
3.34942823
3.34942823
3.34942823
3.34942823
3.34942823
3.34942823
3.34942823
3.34942823
3.30901546
3.30901546
3.17496509
3.17496509
3.17496509
3.17496509
3.17496509
3.17496509
3.15095988
